px=755592.144974, py=458636.486101, pz=532765.486786
px=383488.933733, py=519402.246895, pz=830957.630076
px=383415.551874, py=66843.348598, pz=417490.408133
